em: 0.3
sub_em: 0.3
f1: 0.38666666666666666
precision: 0.3833333333333333
recall: 0.39166666666666666
